"acceptability"	"important"	"direct"	"expensive"	"previoustrolley"	"gender"	"age"	"topiccomp"	"expensivecomp"	"importancecomp"	"failed"
"1"	3	1	1	1	2	2	25	4	2	2	1
"2"	7	1	1	1	2	2	30	4	1	1	NA
"3"	7	1	1	1	2	1	30	4	1	1	NA
"4"	7	1	1	1	2	2	45	4	1	1	NA
"5"	7	1	1	1	2	2	23	4	1	1	NA
"6"	7	1	1	1	2	2	33	4	2	2	1
"7"	7	1	1	1	2	1	30	4	1	1	NA
"8"	7	1	1	1	2	1	26	4	1	1	NA
"9"	9	1	1	1	1	1	28	4	2	2	1
"10"	5	1	1	1	1	2	24	4	2	2	1
"11"	8	1	1	1	1	1	32	4	1	1	NA
"12"	4	1	1	1	2	1	31	4	1	1	NA
"13"	8	1	1	1	1	2	27	4	1	1	NA
"14"	9	1	1	1	1	1	30	4	1	1	NA
"15"	4	1	1	1	2	2	60	4	1	1	NA
"16"	8	1	1	1	1	1	26	4	1	1	NA
"17"	6	1	1	1	2	1	20	4	1	1	NA
"18"	7	1	1	1	2	2	45	4	2	2	1
"19"	7	1	1	1	2	2	49	4	2	2	1
"20"	7	1	1	1	2	2	55	4	1	1	NA
"21"	6	1	1	1	2	2	20	4	1	1	NA
"22"	9	1	1	1	1	2	60	4	1	1	NA
"23"	7	1	1	1	2	1	28	4	1	1	NA
"24"	7	1	1	1	2	NA	58	4	1	1	NA
"25"	9	1	1	1	2	1	28	4	1	1	NA
"26"	7	1	1	1	2	1	26	4	1	1	NA
"27"	7	1	1	1	2	2	30	4	1	1	NA
"28"	3	1	1	1	2	2	19	4	1	1	NA
"29"	7	1	1	1	1	1	54	4	1	1	NA
"30"	7	1	1	1	2	1	24	4	1	1	NA
"31"	9	1	1	1	2	2	38	4	1	1	NA
"32"	3	1	1	1	2	2	29	4	1	1	NA
"33"	7	1	1	1	2	2	59	4	1	1	NA
"34"	7	1	1	1	2	2	27	4	1	1	NA
"35"	4	1	1	1	2	2	38	4	2	2	1
"36"	7	1	1	1	2	1	26	4	2	2	1
"37"	9	1	1	1	2	2	27	4	1	1	NA
"38"	5	1	1	1	2	1	20	4	1	1	NA
"39"	9	1	1	1	2	1	33	4	2	2	1
"40"	9	1	1	1	1	1	27	4	1	1	NA
"41"	7	1	1	1	2	1	32	4	1	1	NA
"42"	8	1	1	1	1	2	48	4	1	1	NA
"43"	5	1	1	1	2	2	28	4	1	1	NA
"44"	9	1	1	1	1	1	24	4	1	1	NA
"45"	7	1	1	1	2	2	24	4	2	2	1
"46"	5	1	1	1	1	1	26	4	2	2	1
"47"	6	1	1	1	1	2	35	4	1	1	NA
"48"	7	1	1	1	1	1	26	4	1	1	NA
"49"	6	1	1	1	2	1	38	4	1	1	NA
"50"	9	1	1	1	2	2	48	4	2	2	1
"51"	6	1	1	1	2	2	23	4	1	1	NA
"52"	3	1	1	1	2	1	33	4	1	1	NA
"53"	7	1	1	1	2	1	22	4	1	1	NA
"54"	1	1	1	1	2	1	62	4	1	1	NA
"55"	7	1	1	1	2	2	32	4	1	1	NA
"56"	4	1	1	1	1	2	35	4	1	1	NA
"57"	5	1	1	1	2	2	30	4	1	1	NA
"58"	3	1	1	1	2	1	21	4	1	1	NA
"59"	3	1	1	1	2	2	28	4	1	1	NA
"60"	7	1	1	1	2	1	21	4	1	1	NA
"61"	3	1	1	1	1	2	33	4	1	1	NA
"62"	3	1	1	1	2	2	28	4	1	1	NA
"63"	3	1	1	1	2	1	22	4	1	1	NA
"64"	3	1	1	1	2	1	26	4	1	1	NA
"65"	7	1	1	1	1	1	23	4	1	1	NA
"66"	7	1	1	1	2	1	38	4	1	1	NA
"67"	3	1	1	1	1	2	45	4	1	1	NA
"68"	7	1	1	1	2	1	37	4	1	1	NA
"69"	7	1	1	1	2	1	24	4	2	2	1
"70"	9	1	1	1	2	1	25	4	1	1	NA
"71"	5	1	1	1	1	2	37	4	2	2	1
"72"	8	1	1	1	2	2	45	4	1	1	NA
"73"	9	1	1	1	2	1	36	4	2	2	1
"74"	7	1	1	1	2	2	44	4	1	1	NA
"75"	7	1	1	1	1	2	54	4	1	1	NA
"76"	9	1	1	1	2	1	24	4	1	1	NA
"77"	7	1	1	1	2	2	54	4	1	1	NA
"78"	7	1	1	1	2	1	23	4	1	1	NA
"79"	7	1	1	1	2	2	30	4	1	1	NA
"80"	5	1	1	1	1	1	25	4	1	1	1
"81"	6	1	1	1	1	1	61	4	1	1	NA
"82"	6	1	1	1	2	2	38	4	1	1	NA
"83"	9	1	1	1	2	1	40	4	1	1	NA
"84"	8	1	1	1	2	1	29	4	1	1	NA
"85"	8	1	1	1	2	1	60	4	1	1	NA
"86"	1	1	1	1	1	1	40	4	1	1	NA
"87"	7	1	1	1	1	2	55	4	1	1	NA
"88"	9	1	1	1	1	1	42	4	1	1	NA
"89"	7	1	1	1	2	2	28	4	1	1	NA
"90"	9	1	1	1	2	2	30	4	1	1	NA
"91"	3	1	1	1	1	2	31	4	2	2	1
"92"	8	1	1	1	1	1	24	4	1	1	NA
"93"	3	1	1	1	1	2	34	4	2	2	1
"94"	9	1	1	1	2	1	28	4	1	1	NA
"95"	5	1	1	1	2	2	29	4	1	1	NA
"96"	6	1	1	1	2	1	23	4	1	1	NA
"97"	8	1	1	1	2	1	29	4	1	1	NA
"98"	7	1	1	1	2	1	29	4	1	1	NA
"99"	5	1	1	1	1	1	28	4	2	2	1
"100"	9	1	1	1	2	1	31	4	1	1	NA
"101"	6	1	1	1	2	1	41	4	1	1	NA
"102"	7	1	1	1	2	1	23	4	1	1	NA
"103"	3	1	1	2	2	2	28	4	2	2	NA
"104"	7	1	1	2	1	1	28	4	2	2	NA
"105"	9	1	1	2	1	1	40	4	2	2	NA
"106"	8	1	1	2	2	1	27	4	2	2	NA
"107"	9	1	1	2	2	1	23	4	2	2	NA
"108"	9	1	1	2	2	1	21	4	2	2	NA
"109"	7	1	1	2	1	2	27	4	2	2	NA
"110"	5	1	1	2	2	1	28	4	2	2	NA
"111"	6	1	1	2	2	1	22	4	2	2	NA
"112"	7	1	1	2	1	1	21	4	2	2	NA
"113"	7	1	1	2	2	1	30	4	2	2	NA
"114"	7	1	1	2	1	1	25	4	2	2	NA
"115"	5	1	1	2	2	1	25	4	2	2	NA
"116"	1	1	1	2	1	1	26	4	2	2	NA
"117"	7	1	1	2	2	1	25	4	2	2	NA
"118"	5	1	1	2	2	1	25	4	2	2	NA
"119"	3	1	1	2	1	1	24	4	2	2	NA
"120"	7	1	1	2	2	1	41	4	2	2	NA
"121"	9	1	1	2	2	1	42	4	2	2	NA
"122"	3	1	1	2	2	1	27	4	2	2	NA
"123"	7	1	1	2	2	1	20	4	2	2	NA
"124"	6	1	1	2	2	1	23	4	2	2	NA
"125"	7	1	1	2	1	2	34	4	2	2	NA
"126"	9	1	1	2	2	2	33	4	2	2	NA
"127"	7	1	1	2	2	2	21	4	2	2	NA
"128"	8	1	1	2	2	1	28	4	2	2	NA
"129"	7	1	1	2	2	1	18	4	2	2	NA
"130"	3	1	1	2	2	1	43	4	2	2	NA
"131"	7	1	1	2	2	1	32	4	2	2	NA
"132"	9	1	1	2	1	2	28	4	2	2	NA
"133"	7	1	1	2	2	1	48	4	2	2	NA
"134"	7	1	1	2	2	2	22	4	2	2	NA
"135"	9	1	1	2	2	1	40	4	2	2	NA
"136"	9	1	1	2	2	1	22	4	2	2	NA
"137"	7	1	1	2	1	1	25	4	2	2	NA
"138"	3	1	1	2	2	1	26	4	2	2	NA
"139"	6	1	1	2	2	2	29	4	2	2	NA
"140"	6	1	1	2	2	2	29	4	2	2	NA
"141"	7	1	1	2	1	2	25	4	2	2	NA
"142"	7	1	1	2	2	2	40	4	2	2	NA
"143"	7	1	1	2	2	1	31	4	2	2	NA
"144"	7	1	1	2	2	1	21	4	2	2	NA
"145"	7	1	1	2	2	2	31	4	2	2	NA
"146"	3	1	1	2	2	1	66	4	2	2	NA
"147"	7	1	1	2	2	1	76	4	2	2	NA
"148"	9	1	1	2	1	1	33	4	2	2	1
"149"	5	1	1	2	1	1	43	4	2	2	NA
"150"	6	1	1	2	2	1	22	4	2	2	NA
"151"	7	1	1	2	1	1	34	4	2	2	NA
"152"	7	1	1	2	1	1	43	4	2	2	NA
"153"	9	1	1	2	1	1	32	4	2	2	NA
"154"	7	1	1	2	NA	1	39	4	2	2	NA
"155"	8	1	1	2	2	1	37	4	2	2	NA
"156"	5	1	1	2	1	1	22	4	2	2	NA
"157"	7	1	1	2	1	2	63	4	2	2	NA
"158"	6	1	1	2	2	1	31	4	2	2	NA
"159"	4	1	1	2	1	2	26	4	2	2	NA
"160"	9	1	1	2	1	1	43	2	2	2	1
"161"	6	1	1	2	1	2	21	4	2	2	NA
"162"	7	1	1	2	1	1	32	4	2	2	NA
"163"	9	1	1	2	1	1	23	4	2	2	NA
"164"	7	1	1	2	1	2	56	4	2	2	1
"165"	7	1	1	2	2	1	27	4	2	2	NA
"166"	3	1	1	2	1	1	38	4	1	1	1
"167"	7	1	1	2	1	1	29	4	1	1	1
"168"	1	1	1	2	1	1	28	4	2	2	NA
"169"	9	1	1	2	2	1	21	4	2	2	NA
"170"	4	1	1	2	2	2	36	4	2	2	NA
"171"	6	1	1	2	2	2	28	4	2	2	NA
"172"	8	1	1	2	1	2	54	4	2	2	NA
"173"	1	1	1	2	2	2	45	4	2	2	NA
"174"	9	1	1	2	2	2	25	4	2	2	NA
"175"	6	1	1	2	2	1	38	4	2	2	NA
"176"	6	1	1	2	2	1	24	4	1	1	1
"177"	7	1	1	2	2	2	35	4	2	2	NA
"178"	7	1	1	2	2	1	30	4	2	2	NA
"179"	8	1	1	2	2	2	27	4	2	2	NA
"180"	7	1	1	2	2	1	25	4	2	2	NA
"181"	7	1	1	2	1	2	34	4	2	2	NA
"182"	7	1	1	2	1	2	32	4	2	2	NA
"183"	5	1	1	2	2	1	25	4	2	2	NA
"184"	9	1	1	2	2	1	28	4	2	2	NA
"185"	1	1	1	2	2	1	23	4	2	2	NA
"186"	5	1	1	2	1	2	27	4	2	2	NA
"187"	9	1	1	2	2	1	46	4	2	2	NA
"188"	9	1	1	2	1	2	37	4	2	2	NA
"189"	6	1	1	2	1	2	54	4	2	2	NA
"190"	5	1	1	2	1	2	43	4	2	2	NA
"191"	8	1	1	2	1	1	27	4	2	2	NA
"192"	9	1	1	2	2	2	28	4	2	2	NA
"193"	7	1	1	2	1	1	29	4	2	2	NA
"194"	7	1	1	2	1	2	37	4	2	2	NA
"195"	8	1	1	2	1	1	30	4	2	2	NA
"196"	7	1	1	2	1	2	34	4	2	2	NA
"197"	7	1	1	2	1	1	53	4	2	2	NA
"198"	5	1	1	2	2	1	22	4	2	2	NA
"199"	9	1	1	2	2	1	28	4	2	2	NA
"200"	3	1	1	2	1	1	60	4	2	2	NA
"201"	5	1	1	2	1	2	23	4	2	2	NA
"202"	9	1	1	2	2	2	26	4	2	2	NA
"203"	7	2	1	1	2	2	53	4	1	1	1
"204"	7	2	1	1	2	1	46	4	1	1	NA
"205"	6	2	1	1	1	2	40	4	1	1	NA
"206"	9	2	1	1	2	1	23	4	1	1	NA
"207"	7	2	1	1	1	2	32	4	2	2	1
"208"	9	2	1	1	2	1	34	4	1	1	NA
"209"	5	2	1	1	2	1	27	4	1	1	NA
"210"	7	2	1	1	2	2	24	4	1	1	NA
"211"	9	2	1	1	2	2	35	4	1	1	NA
"212"	7	2	1	1	2	2	60	4	2	2	1
"213"	5	2	1	1	2	1	48	4	2	2	1
"214"	2	2	1	1	1	2	20	4	1	1	NA
"215"	7	2	1	1	2	2	38	4	1	1	NA
"216"	7	2	1	1	1	2	44	4	1	1	NA
"217"	9	2	1	1	1	1	34	4	1	1	NA
"218"	7	2	1	1	2	1	31	4	1	1	1
"219"	9	2	1	1	1	1	27	4	1	1	1
"220"	6	2	1	1	2	1	22	2	1	1	1
"221"	9	2	1	1	2	1	32	4	1	1	NA
"222"	9	2	1	1	2	2	36	4	1	1	NA
"223"	9	2	1	1	2	1	21	4	1	1	NA
"224"	9	2	1	1	2	2	33	4	1	1	NA
"225"	7	2	1	1	2	1	37	4	1	1	NA
"226"	7	2	1	1	2	1	37	4	1	1	NA
"227"	9	2	1	1	1	1	47	4	1	1	NA
"228"	3	2	1	1	2	1	19	4	1	1	1
"229"	5	2	1	1	2	1	58	4	1	1	NA
"230"	8	2	1	1	2	1	34	4	1	1	NA
"231"	7	2	1	1	2	1	40	4	1	1	NA
"232"	7	2	1	1	2	1	22	4	1	1	NA
"233"	7	2	1	1	2	1	27	4	1	1	NA
"234"	9	2	1	1	2	1	28	4	1	1	NA
"235"	7	2	1	1	1	2	29	4	1	1	NA
"236"	6	2	1	1	1	2	39	4	1	1	NA
"237"	9	2	1	1	2	1	33	4	1	1	NA
"238"	8	2	1	1	2	1	34	4	1	1	NA
"239"	4	2	1	1	2	2	31	4	1	1	1
"240"	9	2	1	1	2	2	27	4	1	1	NA
"241"	7	2	1	1	2	1	28	4	1	1	NA
"242"	9	2	1	1	2	1	26	4	2	2	1
"243"	7	2	1	1	1	1	31	4	1	1	1
"244"	4	2	1	1	1	2	45	4	1	1	NA
"245"	7	2	1	1	2	2	41	4	1	1	NA
"246"	7	2	1	1	2	2	24	4	1	1	NA
"247"	8	2	1	1	2	1	29	4	1	1	NA
"248"	9	2	1	1	1	1	32	4	1	1	NA
"249"	9	2	1	1	2	1	27	4	1	1	NA
"250"	9	2	1	1	2	2	55	4	1	1	NA
"251"	9	2	1	1	1	1	24	4	1	1	NA
"252"	7	2	1	1	2	1	22	4	1	1	NA
"253"	9	2	1	1	1	1	57	4	1	1	NA
"254"	7	2	1	1	2	2	41	4	2	2	1
"255"	9	2	1	1	2	2	20	4	1	1	NA
"256"	6	2	1	1	1	1	26	4	1	1	NA
"257"	8	2	1	1	2	1	37	4	1	1	NA
"258"	3	2	1	1	1	2	33	4	2	2	1
"259"	9	2	1	1	1	1	29	4	1	1	NA
"260"	4	2	1	1	1	2	32	4	1	1	NA
"261"	9	2	1	1	1	1	23	4	1	1	NA
"262"	7	2	1	1	1	2	28	4	1	1	NA
"263"	9	2	1	1	1	1	66	4	1	1	NA
"264"	4	2	1	1	1	1	24	4	2	2	1
"265"	9	2	1	1	2	1	23	4	1	1	NA
"266"	9	2	1	1	2	1	23	4	1	1	NA
"267"	7	2	1	1	2	1	24	4	2	2	1
"268"	6	2	1	1	2	1	26	4	1	1	NA
"269"	9	2	1	1	2	1	28	4	1	1	NA
"270"	7	2	1	1	1	1	30	4	1	1	NA
"271"	8	2	1	1	2	1	22	4	1	1	NA
"272"	5	2	1	1	1	1	33	4	1	1	NA
"273"	9	2	1	1	2	2	49	4	2	2	1
"274"	5	2	1	1	1	1	37	4	1	1	NA
"275"	9	2	1	1	2	1	26	4	1	1	NA
"276"	7	2	1	1	2	2	31	4	1	1	1
"277"	9	2	1	1	1	1	27	4	1	1	NA
"278"	6	2	1	1	2	2	30	4	1	1	NA
"279"	9	2	1	1	1	1	25	4	1	1	NA
"280"	3	2	1	1	1	2	48	4	1	1	1
"281"	7	2	1	1	2	2	27	4	1	1	NA
"282"	7	2	1	1	1	2	21	4	1	1	NA
"283"	9	2	1	1	2	2	26	4	1	1	NA
"284"	6	2	1	1	2	1	23	4	1	1	NA
"285"	9	2	1	1	2	1	39	4	1	1	NA
"286"	6	2	1	1	2	2	24	4	1	1	NA
"287"	3	2	1	1	1	2	27	4	1	1	1
"288"	9	2	1	1	2	1	34	4	1	1	NA
"289"	7	2	1	1	2	1	29	4	1	1	NA
"290"	7	2	1	1	2	2	54	4	1	1	NA
"291"	5	2	1	1	2	2	36	4	1	1	NA
"292"	9	2	1	1	1	2	28	4	1	1	NA
"293"	3	2	1	1	2	2	42	4	1	1	NA
"294"	7	2	1	1	2	1	28	4	1	1	NA
"295"	5	2	1	1	2	1	27	4	1	1	NA
"296"	7	2	1	1	2	2	62	4	1	1	NA
"297"	9	2	1	1	2	1	26	4	1	1	NA
"298"	7	2	1	1	2	2	49	4	2	2	1
"299"	7	2	1	1	1	2	26	4	1	1	NA
"300"	7	2	1	1	2	2	24	4	1	1	NA
"301"	6	2	1	1	2	1	22	4	1	1	NA
"302"	8	2	1	2	1	2	35	4	2	2	NA
"303"	9	2	1	2	2	1	38	4	2	2	NA
"304"	7	2	1	2	2	2	31	4	2	2	NA
"305"	9	2	1	2	1	2	73	4	2	2	NA
"306"	9	2	1	2	2	1	28	4	2	2	NA
"307"	9	2	1	2	2	1	36	4	2	2	NA
"308"	7	2	1	2	2	1	47	4	2	2	NA
"309"	3	2	1	2	2	1	28	4	2	2	NA
"310"	7	2	1	2	1	2	52	4	2	2	1
"311"	7	2	1	2	2	1	19	4	2	2	NA
"312"	8	2	1	2	1	1	30	4	2	2	NA
"313"	7	2	1	2	1	2	67	4	2	2	NA
"314"	7	2	1	2	2	1	24	4	2	2	NA
"315"	4	2	1	2	2	1	22	4	2	2	NA
"316"	7	2	1	2	1	2	33	4	2	2	1
"317"	7	2	1	2	1	2	28	4	2	2	NA
"318"	9	2	1	2	2	1	20	4	2	2	NA
"319"	5	2	1	2	2	2	38	4	2	2	NA
"320"	7	2	1	2	2	1	28	4	2	2	1
"321"	3	2	1	2	1	1	33	4	2	2	NA
"322"	8	2	1	2	2	1	30	4	2	2	NA
"323"	9	2	1	2	1	1	20	4	2	2	NA
"324"	7	2	1	2	1	2	28	4	2	2	NA
"325"	9	2	1	2	1	2	25	4	2	2	NA
"326"	9	2	1	2	2	1	22	4	2	2	NA
"327"	9	2	1	2	2	2	34	4	2	2	NA
"328"	6	2	1	2	1	1	28	4	2	2	NA
"329"	8	2	1	2	2	2	47	4	2	2	NA
"330"	9	2	1	2	2	1	23	4	2	2	1
"331"	5	2	1	2	2	1	20	4	2	2	NA
"332"	9	2	1	2	1	1	18	4	2	2	NA
"333"	9	2	1	2	2	1	33	4	2	2	NA
"334"	8	2	1	2	1	2	32	4	2	2	NA
"335"	7	2	1	2	2	1	27	4	2	2	NA
"336"	9	2	1	2	1	1	24	4	2	2	NA
"337"	7	2	1	2	1	1	22	4	1	1	1
"338"	7	2	1	2	2	1	34	4	2	2	NA
"339"	7	2	1	2	2	2	27	4	2	2	NA
"340"	7	2	1	2	2	1	40	4	2	2	NA
"341"	8	2	1	2	2	2	45	4	2	2	NA
"342"	9	2	1	2	1	1	43	4	2	2	NA
"343"	8	2	1	2	2	1	35	4	2	2	NA
"344"	7	2	1	2	2	1	34	4	2	2	NA
"345"	7	2	1	2	2	1	52	4	2	2	NA
"346"	9	2	1	2	2	1	62	4	2	2	NA
"347"	7	2	1	2	2	1	26	4	2	2	NA
"348"	7	2	1	2	2	2	28	4	2	2	NA
"349"	9	2	1	2	2	1	26	4	2	2	NA
"350"	9	2	1	2	1	2	29	4	2	2	NA
"351"	9	2	1	2	2	1	28	4	2	2	NA
"352"	7	2	1	2	1	1	47	4	2	2	NA
"353"	9	2	1	2	2	2	28	4	2	2	NA
"354"	7	2	1	2	2	1	31	4	2	2	NA
"355"	3	2	1	2	2	1	43	4	2	2	NA
"356"	7	2	1	2	2	1	57	4	2	2	NA
"357"	7	2	1	2	2	2	30	4	2	2	NA
"358"	9	2	1	2	2	2	32	4	2	2	NA
"359"	9	2	1	2	1	1	42	4	2	2	NA
"360"	9	2	1	2	2	1	44	4	2	2	NA
"361"	3	2	1	2	1	2	27	4	2	2	NA
"362"	7	2	1	2	2	2	28	4	2	2	NA
"363"	9	2	1	2	2	2	35	4	2	2	NA
"364"	7	2	1	2	2	1	25	4	2	2	1
"365"	8	2	1	2	2	2	43	4	2	2	NA
"366"	9	2	1	2	1	2	30	4	2	2	NA
"367"	9	2	1	2	2	1	36	4	2	2	NA
"368"	9	2	1	2	2	2	31	4	2	2	NA
"369"	8	2	1	2	2	1	26	4	2	2	NA
"370"	9	2	1	2	2	1	24	4	2	2	NA
"371"	5	2	1	2	2	1	27	4	2	2	NA
"372"	9	2	1	2	2	1	35	4	2	2	NA
"373"	7	2	1	2	1	1	34	4	2	2	1
"374"	9	2	1	2	1	2	54	4	2	2	NA
"375"	8	2	1	2	2	1	31	4	2	2	NA
"376"	5	2	1	2	2	1	31	4	2	2	NA
"377"	9	2	1	2	1	1	28	4	2	2	NA
"378"	7	2	1	2	2	2	21	4	2	2	NA
"379"	7	2	1	2	1	1	33	4	2	2	NA
"380"	9	2	1	2	1	1	39	4	2	2	NA
"381"	3	2	1	2	2	1	36	4	2	2	NA
"382"	7	2	1	2	1	1	35	4	2	2	NA
"383"	9	2	1	2	2	1	23	4	2	2	NA
"384"	3	2	1	2	2	2	51	4	2	2	NA
"385"	6	2	1	2	1	2	37	4	2	2	NA
"386"	7	2	1	2	2	2	42	4	2	2	NA
"387"	5	2	1	2	2	1	24	4	2	2	NA
"388"	6	2	1	2	2	1	28	4	2	2	NA
"389"	3	2	1	2	1	1	30	4	2	2	NA
"390"	9	2	1	2	2	2	28	4	2	2	NA
"391"	9	2	1	2	2	1	23	4	2	2	1
"392"	7	2	1	2	2	2	22	4	2	2	NA
"393"	9	2	1	2	2	2	32	4	2	2	NA
"394"	9	2	1	2	2	1	32	4	2	2	NA
"395"	1	2	1	2	1	1	38	4	2	2	1
"396"	8	2	1	2	2	1	43	4	2	2	NA
"397"	7	2	1	2	2	2	22	4	2	2	1
"398"	9	2	1	2	1	1	33	4	2	2	1
"399"	9	1	2	1	2	1	20	4	1	1	NA
"400"	9	1	2	1	2	2	29	4	1	1	NA
"401"	6	1	2	1	1	2	19	4	1	1	NA
"402"	6	1	2	1	2	2	64	4	1	1	NA
"403"	7	1	2	1	2	2	26	4	1	1	NA
"404"	9	1	2	1	2	1	32	4	1	1	NA
"405"	6	1	2	1	1	1	31	4	1	1	NA
"406"	3	1	2	1	2	1	18	4	1	1	NA
"407"	7	1	2	1	1	2	36	4	1	1	NA
"408"	7	1	2	1	1	2	35	4	1	1	NA
"409"	6	1	2	1	2	2	29	4	1	1	NA
"410"	8	1	2	1	2	1	21	4	1	1	NA
"411"	6	1	2	1	2	1	22	4	1	1	NA
"412"	9	1	2	1	1	2	51	4	1	1	NA
"413"	4	1	2	1	2	1	35	4	1	1	NA
"414"	9	1	2	1	1	2	32	4	1	1	NA
"415"	7	1	2	1	2	1	47	4	1	1	NA
"416"	9	1	2	1	1	1	28	4	1	1	NA
"417"	8	1	2	1	1	2	33	4	1	1	NA
"418"	7	1	2	1	2	1	32	4	1	1	NA
"419"	6	1	2	1	2	1	35	4	1	1	NA
"420"	3	1	2	1	2	1	18	4	1	1	NA
"421"	7	1	2	1	2	2	19	4	1	1	1
"422"	9	1	2	1	1	1	34	4	1	1	NA
"423"	6	1	2	1	2	2	21	4	1	1	NA
"424"	8	1	2	1	1	1	23	4	1	1	NA
"425"	7	1	2	1	2	2	21	4	1	1	NA
"426"	7	1	2	1	2	1	54	4	1	1	NA
"427"	8	1	2	1	1	2	23	2	2	2	1
"428"	7	1	2	1	1	2	32	4	1	1	NA
"429"	5	1	2	1	1	2	37	4	1	1	NA
"430"	5	1	2	1	2	1	24	4	2	2	1
"431"	7	1	2	1	1	1	35	4	1	1	NA
"432"	8	1	2	1	2	2	37	4	1	1	NA
"433"	9	1	2	1	2	1	42	4	1	1	NA
"434"	7	1	2	1	2	2	33	4	1	1	NA
"435"	9	1	2	1	1	2	26	4	1	1	NA
"436"	9	1	2	1	1	1	32	4	1	1	NA
"437"	8	1	2	1	1	2	19	4	1	1	NA
"438"	7	1	2	1	2	2	57	4	1	1	NA
"439"	7	1	2	1	2	1	20	4	1	1	NA
"440"	8	1	2	1	1	1	30	4	1	1	NA
"441"	9	1	2	1	1	1	27	4	1	1	NA
"442"	7	1	2	1	1	2	50	4	1	1	NA
"443"	7	1	2	1	2	1	24	4	1	1	NA
"444"	8	1	2	1	2	1	28	4	1	1	NA
"445"	5	1	2	1	2	1	21	4	1	1	NA
"446"	7	1	2	1	2	1	29	4	1	1	NA
"447"	7	1	2	1	1	2	49	4	2	2	1
"448"	9	1	2	1	1	1	60	4	1	1	NA
"449"	7	1	2	1	2	2	25	4	1	1	NA
"450"	9	1	2	1	2	1	31	4	1	1	NA
"451"	7	1	2	1	1	2	38	4	1	1	NA
"452"	9	1	2	1	2	2	29	4	1	1	1
"453"	3	1	2	1	2	2	36	4	2	2	1
"454"	7	1	2	1	1	1	28	4	1	1	NA
"455"	7	1	2	1	2	2	28	4	1	1	NA
"456"	7	1	2	1	1	1	21	4	1	1	NA
"457"	3	1	2	1	2	2	28	4	2	2	1
"458"	9	1	2	1	1	2	36	4	1	1	NA
"459"	7	1	2	1	2	2	38	4	1	1	NA
"460"	7	1	2	1	1	1	21	4	1	1	NA
"461"	9	1	2	1	2	2	37	4	1	1	NA
"462"	7	1	2	1	2	1	28	4	1	1	NA
"463"	9	1	2	1	1	2	35	4	1	1	NA
"464"	9	1	2	1	2	1	58	4	1	1	NA
"465"	7	1	2	1	1	1	61	4	2	2	1
"466"	7	1	2	1	1	2	56	4	1	1	NA
"467"	9	1	2	1	1	2	60	4	1	1	NA
"468"	8	1	2	1	2	2	53	4	2	2	1
"469"	7	1	2	1	2	2	39	4	2	2	1
"470"	5	1	2	1	2	1	28	4	1	1	NA
"471"	9	1	2	1	2	1	35	4	1	1	NA
"472"	9	1	2	1	1	2	47	4	1	1	NA
"473"	7	1	2	1	2	1	62	4	1	1	NA
"474"	7	1	2	1	1	2	23	4	1	1	NA
"475"	7	1	2	1	2	2	37	4	1	1	NA
"476"	5	1	2	1	2	1	37	4	1	1	NA
"477"	9	1	2	1	1	1	45	4	1	1	NA
"478"	8	1	2	1	1	2	25	4	1	1	NA
"479"	9	1	2	1	1	2	21	4	1	1	NA
"480"	9	1	2	1	1	1	66	4	2	2	1
"481"	9	1	2	1	2	2	27	4	2	2	1
"482"	9	1	2	1	2	2	28	4	1	1	NA
"483"	6	1	2	1	2	2	57	4	1	1	NA
"484"	8	1	2	1	1	1	35	4	1	1	NA
"485"	9	1	2	1	2	1	24	4	1	1	NA
"486"	9	1	2	1	1	2	36	4	1	1	NA
"487"	9	1	2	1	1	1	32	4	1	1	NA
"488"	7	1	2	1	1	1	49	4	1	1	NA
"489"	9	1	2	1	1	1	24	4	1	1	NA
"490"	5	1	2	1	1	1	30	4	2	2	1
"491"	8	1	2	1	2	2	42	4	1	1	NA
"492"	7	1	2	1	1	2	41	4	1	1	NA
"493"	8	1	2	1	1	2	29	4	1	1	NA
"494"	7	1	2	1	2	2	26	4	1	1	NA
"495"	7	1	2	1	2	1	24	4	1	1	NA
"496"	7	1	2	2	2	2	29	4	2	2	NA
"497"	7	1	2	2	2	1	28	4	2	2	NA
"498"	7	1	2	2	2	2	31	4	2	2	NA
"499"	5	1	2	2	2	1	31	4	2	2	NA
"500"	7	1	2	2	2	1	49	4	2	2	NA
"501"	8	1	2	2	2	2	39	4	2	2	NA
"502"	7	1	2	2	1	1	32	4	2	2	NA
"503"	8	1	2	2	1	2	46	4	2	2	NA
"504"	7	1	2	2	2	2	47	4	2	2	NA
"505"	9	1	2	2	2	1	25	4	2	2	NA
"506"	7	1	2	2	2	2	52	4	2	2	NA
"507"	5	1	2	2	2	1	31	4	2	2	NA
"508"	9	1	2	2	1	1	25	4	2	2	NA
"509"	8	1	2	2	1	2	24	4	2	2	NA
"510"	7	1	2	2	2	1	20	4	2	2	NA
"511"	9	1	2	2	1	1	48	4	2	2	NA
"512"	9	1	2	2	2	1	44	4	2	2	NA
"513"	9	1	2	2	2	1	40	4	2	2	NA
"514"	3	1	2	2	1	2	31	4	2	2	NA
"515"	9	1	2	2	2	1	35	4	2	2	NA
"516"	9	1	2	2	2	2	36	4	2	2	NA
"517"	7	1	2	2	1	1	27	4	2	2	NA
"518"	8	1	2	2	1	2	26	4	2	2	NA
"519"	9	1	2	2	1	2	61	4	2	2	NA
"520"	5	1	2	2	1	1	31	4	1	1	1
"521"	7	1	2	2	2	2	31	4	2	2	NA
"522"	7	1	2	2	2	2	29	4	2	2	NA
"523"	7	1	2	2	1	2	21	4	2	2	1
"524"	8	1	2	2	2	1	49	4	2	2	NA
"525"	9	1	2	2	1	1	27	4	2	2	NA
"526"	5	1	2	2	2	1	22	4	2	2	NA
"527"	8	1	2	2	2	1	28	4	2	2	NA
"528"	8	1	2	2	1	1	23	4	2	2	NA
"529"	6	1	2	2	2	1	30	4	2	2	NA
"530"	7	1	2	2	2	1	33	4	2	2	NA
"531"	9	1	2	2	1	1	20	4	2	2	NA
"532"	7	1	2	2	1	2	28	4	2	2	NA
"533"	9	1	2	2	1	2	28	4	2	2	NA
"534"	7	1	2	2	2	1	30	4	2	2	NA
"535"	8	1	2	2	2	2	24	4	2	2	NA
"536"	9	1	2	2	2	1	31	4	2	2	NA
"537"	7	1	2	2	2	1	26	4	2	2	NA
"538"	7	1	2	2	2	2	20	4	2	2	NA
"539"	8	1	2	2	2	2	29	4	2	2	NA
"540"	9	1	2	2	2	1	21	4	2	2	NA
"541"	8	1	2	2	2	2	37	4	2	2	NA
"542"	7	1	2	2	1	2	42	4	2	2	NA
"543"	7	1	2	2	2	1	43	4	2	2	NA
"544"	9	1	2	2	1	2	40	4	2	2	NA
"545"	7	1	2	2	2	2	35	4	2	2	NA
"546"	9	1	2	2	1	1	29	4	2	2	NA
"547"	9	1	2	2	2	1	47	4	2	2	NA
"548"	9	1	2	2	1	1	24	4	2	2	NA
"549"	7	1	2	2	1	1	27	4	2	2	NA
"550"	3	1	2	2	2	2	51	4	2	2	NA
"551"	7	1	2	2	2	1	45	4	2	2	NA
"552"	9	1	2	2	2	1	37	4	2	2	NA
"553"	9	1	2	2	1	2	38	4	2	2	NA
"554"	7	1	2	2	1	1	24	4	2	2	NA
"555"	7	1	2	2	2	1	27	4	2	2	NA
"556"	9	1	2	2	1	1	27	4	2	2	NA
"557"	9	1	2	2	2	1	29	4	2	2	NA
"558"	9	1	2	2	2	1	28	4	2	2	NA
"559"	7	1	2	2	2	1	25	4	2	2	NA
"560"	5	1	2	2	1	1	32	4	2	2	NA
"561"	7	1	2	2	1	2	67	4	2	2	NA
"562"	7	1	2	2	2	1	37	4	2	2	NA
"563"	7	1	2	2	2	1	33	4	2	2	NA
"564"	9	1	2	2	2	1	26	4	2	2	NA
"565"	9	1	2	2	1	1	31	4	2	2	NA
"566"	9	1	2	2	2	2	32	4	2	2	NA
"567"	7	1	2	2	2	1	34	4	2	2	NA
"568"	5	1	2	2	1	2	26	4	2	2	NA
"569"	7	1	2	2	1	2	29	4	2	2	NA
"570"	7	1	2	2	1	1	63	4	2	2	NA
"571"	9	1	2	2	2	1	57	4	2	2	NA
"572"	7	1	2	2	1	1	40	4	2	2	NA
"573"	9	1	2	2	1	2	31	4	2	2	NA
"574"	9	1	2	2	2	1	30	4	2	2	NA
"575"	9	1	2	2	2	1	27	4	2	2	NA
"576"	7	1	2	2	2	2	50	4	2	2	NA
"577"	6	1	2	2	2	2	35	4	2	2	NA
"578"	1	1	2	2	2	1	31	4	2	2	NA
"579"	9	1	2	2	2	1	28	4	2	2	NA
"580"	7	1	2	2	2	1	31	4	2	2	1
"581"	5	1	2	2	2	1	25	4	1	1	1
"582"	7	1	2	2	1	2	32	4	2	2	NA
"583"	7	1	2	2	1	2	31	4	2	2	NA
"584"	7	1	2	2	2	2	26	4	2	2	NA
"585"	9	1	2	2	2	1	24	4	2	2	NA
"586"	9	1	2	2	2	1	26	4	2	2	NA
"587"	7	1	2	2	2	1	28	4	2	2	NA
"588"	9	1	2	2	1	1	42	4	2	2	NA
"589"	9	1	2	2	1	1	59	4	2	2	NA
"590"	9	2	2	1	1	1	43	4	1	1	NA
"591"	7	2	2	1	1	1	49	4	2	2	1
"592"	7	2	2	1	1	2	31	4	1	1	NA
"593"	9	2	2	1	1	1	32	4	2	2	1
"594"	9	2	2	1	2	1	30	4	2	2	1
"595"	9	2	2	1	2	2	34	4	2	2	1
"596"	9	2	2	1	1	2	38	4	1	1	NA
"597"	7	2	2	1	2	2	53	4	1	1	NA
"598"	7	2	2	1	2	2	55	4	1	1	NA
"599"	7	2	2	1	2	1	24	4	1	1	NA
"600"	7	2	2	1	2	1	26	4	1	1	NA
"601"	7	2	2	1	2	1	38	4	1	1	NA
"602"	7	2	2	1	1	2	46	4	1	1	NA
"603"	7	2	2	1	2	1	42	4	1	1	NA
"604"	9	2	2	1	2	2	20	4	1	1	NA
"605"	9	2	2	1	2	1	20	4	1	1	NA
"606"	9	2	2	1	1	1	41	4	1	1	NA
"607"	7	2	2	1	1	1	27	4	1	1	1
"608"	3	2	2	1	2	1	48	4	1	1	NA
"609"	7	2	2	1	1	1	29	4	1	1	NA
"610"	2	2	2	1	2	1	33	4	2	2	1
"611"	7	2	2	1	2	2	34	4	1	1	NA
"612"	9	2	2	1	1	1	38	4	1	1	NA
"613"	9	2	2	1	2	1	36	4	1	1	NA
"614"	5	2	2	1	2	1	31	4	1	1	NA
"615"	5	2	2	1	2	1	28	4	2	2	1
"616"	4	2	2	1	2	1	38	4	1	1	NA
"617"	8	2	2	1	1	1	38	4	2	2	1
"618"	5	2	2	1	1	1	18	4	1	1	NA
"619"	9	2	2	1	2	1	30	4	1	1	NA
"620"	9	2	2	1	2	1	22	4	1	1	NA
"621"	9	2	2	1	2	1	23	4	1	1	NA
"622"	9	2	2	1	2	1	34	4	2	2	1
"623"	7	2	2	1	2	2	22	4	1	1	NA
"624"	8	2	2	1	1	1	19	4	1	1	NA
"625"	9	2	2	1	1	1	45	4	1	1	NA
"626"	9	2	2	1	1	1	34	4	2	2	1
"627"	8	2	2	1	2	2	27	4	1	1	NA
"628"	9	2	2	1	1	1	31	4	1	1	NA
"629"	3	2	2	1	2	2	45	4	1	1	NA
"630"	7	2	2	1	2	1	22	4	1	1	NA
"631"	9	2	2	1	2	1	38	4	1	1	NA
"632"	9	2	2	1	2	1	22	4	2	2	1
"633"	9	2	2	1	2	1	25	4	1	1	NA
"634"	9	2	2	1	NA	1	31	4	1	1	NA
"635"	1	2	2	1	1	2	19	4	1	1	NA
"636"	9	2	2	1	2	2	32	4	1	1	NA
"637"	7	2	2	1	2	1	26	4	2	2	1
"638"	9	2	2	1	2	1	30	4	1	1	NA
"639"	5	2	2	1	2	2	25	4	2	2	1
"640"	9	2	2	1	2	1	31	4	1	1	NA
"641"	7	2	2	1	1	1	28	4	2	2	1
"642"	9	2	2	1	1	1	30	4	1	1	NA
"643"	7	2	2	1	1	1	21	4	1	1	NA
"644"	6	2	2	1	1	1	26	4	1	1	NA
"645"	8	2	2	1	2	1	26	4	1	1	NA
"646"	9	2	2	1	2	1	26	4	1	1	NA
"647"	7	2	2	1	2	1	32	4	1	1	NA
"648"	7	2	2	1	2	2	31	4	1	1	1
"649"	9	2	2	1	2	2	27	4	1	1	NA
"650"	7	2	2	1	2	2	21	4	1	1	NA
"651"	8	2	2	1	2	2	28	4	1	1	NA
"652"	7	2	2	1	1	2	25	4	1	1	NA
"653"	6	2	2	1	2	1	22	4	1	1	1
"654"	9	2	2	1	1	2	34	4	1	1	NA
"655"	7	2	2	1	2	2	30	4	1	1	NA
"656"	7	2	2	1	1	2	26	4	1	1	NA
"657"	9	2	2	1	2	1	34	4	1	1	1
"658"	7	2	2	1	2	1	37	4	1	1	NA
"659"	9	2	2	1	2	1	28	4	2	2	1
"660"	7	2	2	1	1	2	26	4	1	1	NA
"661"	9	2	2	1	2	2	45	4	1	1	NA
"662"	5	2	2	1	2	1	24	4	1	1	NA
"663"	5	2	2	1	2	1	28	4	1	1	NA
"664"	6	2	2	1	2	1	42	4	1	1	NA
"665"	8	2	2	1	2	NA	23	4	1	1	NA
"666"	7	2	2	1	2	1	23	4	1	1	1
"667"	9	2	2	1	1	1	34	4	1	1	NA
"668"	7	2	2	1	1	1	27	4	1	1	NA
"669"	7	2	2	1	1	1	26	4	1	1	NA
"670"	7	2	2	1	1	1	43	4	1	1	NA
"671"	7	2	2	1	2	1	38	4	1	1	NA
"672"	7	2	2	1	2	1	57	4	1	1	NA
"673"	9	2	2	1	1	2	32	4	1	1	NA
"674"	9	2	2	1	2	1	32	4	1	1	1
"675"	7	2	2	1	1	2	30	4	1	1	NA
"676"	4	2	2	1	2	1	29	4	2	2	1
"677"	7	2	2	1	2	1	47	4	1	1	NA
"678"	9	2	2	1	1	1	40	4	1	1	NA
"679"	7	2	2	1	2	1	48	4	2	2	1
"680"	7	2	2	1	2	1	31	4	2	2	1
"681"	5	2	2	1	1	2	37	4	1	1	NA
"682"	7	2	2	1	1	1	27	4	1	1	NA
"683"	5	2	2	1	1	2	34	4	2	2	1
"684"	7	2	2	1	2	1	27	4	1	1	NA
"685"	9	2	2	1	2	1	22	4	2	2	1
"686"	9	2	2	1	2	1	44	4	1	1	NA
"687"	8	2	2	1	2	2	28	4	1	1	NA
"688"	7	2	2	1	2	1	21	4	1	1	1
"689"	9	2	2	2	1	1	43	4	2	2	NA
"690"	9	2	2	2	1	1	27	4	2	2	NA
"691"	7	2	2	2	2	2	34	4	2	2	NA
"692"	7	2	2	2	1	1	55	4	2	2	NA
"693"	7	2	2	2	2	2	26	4	2	2	NA
"694"	3	2	2	2	1	2	28	4	2	2	NA
"695"	7	2	2	2	2	2	37	4	2	2	NA
"696"	8	2	2	2	2	1	19	4	2	2	NA
"697"	5	2	2	2	2	1	22	4	2	2	NA
"698"	8	2	2	2	2	2	24	4	2	2	NA
"699"	5	2	2	2	2	1	24	4	2	2	NA
"700"	9	2	2	2	2	1	26	4	2	2	NA
"701"	9	2	2	2	2	1	31	4	2	2	NA
"702"	9	2	2	2	2	1	23	4	2	2	NA
"703"	7	2	2	2	1	2	54	4	2	2	1
"704"	9	2	2	2	2	2	25	4	2	2	NA
"705"	7	2	2	2	2	1	48	4	2	2	NA
"706"	9	2	2	2	1	2	37	4	2	2	NA
"707"	9	2	2	2	1	2	59	4	2	2	NA
"708"	9	2	2	2	1	1	29	4	2	2	NA
"709"	8	2	2	2	2	1	24	4	2	2	NA
"710"	7	2	2	2	2	2	24	4	2	2	NA
"711"	9	2	2	2	1	1	65	4	2	2	NA
"712"	9	2	2	2	1	2	26	4	2	2	NA
"713"	6	2	2	2	1	1	38	4	2	2	NA
"714"	8	2	2	2	2	1	26	4	2	2	NA
"715"	8	2	2	2	1	1	27	4	2	2	NA
"716"	9	2	2	2	2	1	36	4	2	2	NA
"717"	9	2	2	2	2	1	34	4	2	2	NA
"718"	7	2	2	2	2	1	32	4	2	2	NA
"719"	9	2	2	2	2	1	23	4	2	2	NA
"720"	8	2	2	2	2	2	45	4	2	2	NA
"721"	7	2	2	2	2	2	45	4	2	2	NA
"722"	9	2	2	2	2	2	28	4	2	2	NA
"723"	8	2	2	2	2	2	31	4	2	2	NA
"724"	9	2	2	2	2	1	29	4	2	2	NA
"725"	9	2	2	2	2	1	34	4	2	2	NA
"726"	7	2	2	2	1	2	63	4	2	2	NA
"727"	7	2	2	2	2	2	27	4	2	2	NA
"728"	9	2	2	2	1	2	63	4	2	2	NA
"729"	8	2	2	2	2	1	24	4	2	2	NA
"730"	7	2	2	2	1	1	31	4	2	2	NA
"731"	8	2	2	2	1	2	61	4	2	2	NA
"732"	7	2	2	2	2	2	30	4	2	2	NA
"733"	9	2	2	2	2	1	40	4	2	2	NA
"734"	9	2	2	2	2	2	49	4	2	2	NA
"735"	9	2	2	2	1	2	31	4	2	2	NA
"736"	7	2	2	2	2	2	22	4	2	2	NA
"737"	6	2	2	2	1	1	26	4	2	2	NA
"738"	4	2	2	2	1	2	25	4	2	2	NA
"739"	7	2	2	2	2	1	27	4	2	2	1
"740"	9	2	2	2	1	2	26	4	2	2	NA
"741"	7	2	2	2	2	1	29	4	2	2	NA
"742"	6	2	2	2	2	2	29	4	2	2	NA
"743"	5	2	2	2	2	1	25	4	1	1	1
"744"	7	2	2	2	2	2	22	4	2	2	NA
"745"	9	2	2	2	2	1	24	4	2	2	NA
"746"	7	2	2	2	2	1	21	4	2	2	NA
"747"	7	2	2	2	2	2	35	4	2	2	NA
"748"	9	2	2	2	1	2	38	4	2	2	NA
"749"	9	2	2	2	1	2	29	4	2	2	NA
"750"	1	2	2	2	1	2	21	4	2	2	NA
"751"	8	2	2	2	1	1	34	4	2	2	NA
"752"	9	2	2	2	2	1	30	4	2	2	NA
"753"	7	2	2	2	1	2	53	4	2	2	NA
"754"	9	2	2	2	2	1	28	4	2	2	NA
"755"	7	2	2	2	2	2	32	4	2	2	NA
"756"	6	2	2	2	2	1	38	4	2	2	NA
"757"	9	2	2	2	1	1	25	4	2	2	NA
"758"	3	2	2	2	2	1	33	4	2	2	NA
"759"	9	2	2	2	2	1	35	4	2	2	NA
"760"	7	2	2	2	2	2	43	4	2	2	NA
"761"	9	2	2	2	2	1	48	4	2	2	NA
"762"	9	2	2	2	2	1	29	4	2	2	NA
"763"	9	2	2	2	2	2	27	4	2	2	NA
"764"	8	2	2	2	2	2	22	4	2	2	NA
"765"	9	2	2	2	2	2	24	4	2	2	NA
"766"	9	2	2	2	2	2	27	4	2	2	NA
"767"	9	2	2	2	1	1	39	4	2	2	NA
"768"	9	2	2	2	2	1	27	4	2	2	NA
"769"	9	2	2	2	2	2	42	4	2	2	NA
"770"	9	2	2	2	2	1	34	4	2	2	NA
"771"	9	2	2	2	2	1	43	4	2	2	NA
"772"	9	2	2	2	2	1	36	4	2	2	NA
"773"	9	2	2	2	2	2	45	4	2	2	NA
"774"	5	2	2	2	2	1	27	4	2	2	NA
"775"	7	2	2	2	1	2	35	4	2	2	NA
"776"	9	2	2	2	1	1	20	4	2	2	NA
"777"	9	2	2	2	2	1	21	4	2	2	NA
"778"	8	2	2	2	2	2	23	4	2	2	NA
"779"	7	2	2	2	1	1	29	4	2	2	NA
"780"	9	2	2	2	1	1	36	4	2	2	NA
"781"	9	2	2	2	2	1	28	4	2	2	NA
"782"	3	2	2	2	1	1	28	4	2	2	NA
"783"	7	2	2	2	2	1	27	4	2	2	NA
"784"	1	2	2	2	1	1	38	4	2	2	NA
"785"	3	2	2	2	2	1	34	4	2	2	NA
"786"	7	2	2	2	1	1	46	4	1	1	1
"787"	3	2	2	2	1	2	25	4	2	2	NA
"788"	9	2	2	2	2	1	60	4	2	2	NA
"789"	NA	NA	NA	NA	NA	NA	NA	NA	NA	NA	NA
"790"	NA	1	NA	1	1	1	NA	4	1	1	NA
"791"	NA	2	NA	2	2	2	NA	NA	2	2	NA
